2 Cat.;4 Cat.;6 Cat.;8 Cat.;10 Cat.;15 Cat.;25 Cat.
0.494020100502513;0.742060301507538;0.823015075376884;0.871206030150754;0.899949748743719;0.910904522613065;0.954974874371859
0.48964824120603;0.752211055276382;0.824623115577889;0.864070351758794;0.895678391959799;0.923165829145729;0.953115577889447
0.49643216080402;0.704874371859296;0.809949748743719;0.875376884422111;0.896733668341709;0.930653266331658;0.954824120603015
0.500050251256281;0.712613065326633;0.829195979899497;0.85105527638191;0.894472361809045;0.924321608040201;0.957638190954774
0.47356783919598;0.721256281407035;0.827788944723618;0.873668341708543;0.888291457286432;0.928241206030151;0.958994974874372
0.475929648241206;0.75070351758794;0.823869346733668;0.866884422110553;0.881608040201005;0.929396984924623;0.957185929648241
0.502060301507538;0.735326633165829;0.827537688442211;0.87035175879397;0.887839195979899;0.924773869346734;0.95356783919598
0.460251256281407;0.744070351758794;0.823266331658291;0.86608040201005;0.897185929648241;0.926984924623116;0.94713567839196
0.498442211055276;0.729045226130653;0.821155778894472;0.874120603015075;0.8921608040201;0.929748743718593;0.955979899497487
0.492663316582915;0.740954773869347;0.821557788944724;0.852462311557789;0.886180904522613;0.916482412060301;0.957738693467337
0.475929648241206;0.744974874371859;0.81713567839196;0.863768844221106;0.898140703517588;0.91713567839196;0.953819095477387
0.487989949748744;0.751005025125628;0.824874371859296;0.862964824120603;0.894572864321608;0.928492462311558;0.959597989949749
0.482412060301508;0.729798994974874;0.825276381909548;0.864170854271357;0.889547738693467;0.923819095477387;0.953467336683417
0.444422110552764;0.739899497487437;0.823417085427136;0.859748743718593;0.895025125628141;0.924422110552764;0.951306532663317
0.492663316582915;0.738994974874372;0.821457286432161;0.867839195979899;0.893115577889447;0.92321608040201;0.950150753768844
0.48035175879397;0.726231155778895;0.807236180904523;0.861407035175879;0.892814070351759;0.933517587939699;0.957035175879397
0.491206030150754;0.736733668341709;0.810753768844221;0.872311557788945;0.892462311557789;0.928040201005025;0.954422110552764
0.48964824120603;0.737638190954774;0.827638190954774;0.871608040201005;0.881105527638191;0.928844221105528;0.95929648241206
0.47356783919598;0.74;0.82286432160804;0.872010050251256;0.895025125628141;0.930301507537688;0.959045226130653
0.47356783919598;0.742010050251256;0.829095477386935;0.860603015075377;0.890251256281407;0.927738693467337;0.955829145728643
0.484371859296482;0.731005025125628;0.832713567839196;0.867236180904523;0.893165829145729;0.930502512562814;0.95286432160804
0.482412060301508;0.744673366834171;0.821909547738694;0.867688442211055;0.896582914572864;0.928291457286432;0.947286432160804
0.454221105527638;0.736532663316583;0.83035175879397;0.863969849246231;0.88678391959799;0.924773869346734;0.955376884422111
0.49748743718593;0.737839195979899;0.820854271356784;0.866030150753769;0.89643216080402;0.920100502512563;0.955678391959799
0.502060301507538;0.744472361809045;0.814623115577889;0.874723618090452;0.893015075376884;0.920502512562814;0.947989949748744
0.501256281407035;0.745075376884422;0.820502512562814;0.876884422110553;0.894924623115578;0.924773869346734;0.95643216080402
0.48035175879397;0.739095477386935;0.826532663316583;0.874874371859297;0.9;0.929396984924623;0.957788944723618
0.478190954773869;0.74608040201005;0.823366834170854;0.873015075376884;0.883165829145729;0.930452261306533;0.954321608040201
0.422110552763819;0.73427135678392;0.830452261306533;0.871306532663317;0.894773869346734;0.930753768844221;0.956683417085427
0.48035175879397;0.729698492462312;0.82035175879397;0.871758793969849;0.887035175879397;0.928492462311558;0.958592964824121
0.475929648241206;0.74105527638191;0.81572864321608;0.869748743718593;0.891809045226131;0.924020100502513;0.955829145728643
0.486231155778894;0.746884422110553;0.830201005025126;0.863115577889447;0.895829145728643;0.931557788944724;0.956582914572864
0.48035175879397;0.741457286432161;0.821758793969849;0.875326633165829;0.892110552763819;0.929246231155779;0.953768844221106
0.49748743718593;0.732311557788945;0.830402010050251;0.860402010050251;0.891557788944724;0.930301507537688;0.955778894472362
0.492663316582915;0.749246231155779;0.835376884422111;0.870854271356784;0.891557788944724;0.923819095477387;0.954673366834171
0.47356783919598;0.743969849246231;0.830452261306533;0.865427135678392;0.889447236180904;0.920653266331658;0.951206030150754
0.400753768844221;0.744371859296482;0.828592964824121;0.871155778894472;0.890603015075377;0.928241206030151;0.956532663316583
0.454221105527638;0.741557788944724;0.823668341708543;0.868643216080402;0.894924623115578;0.933065326633166;0.952110552763819
0.48964824120603;0.706180904522613;0.811758793969849;0.873015075376884;0.885527638190955;0.929095477386935;0.954974874371859
0.48964824120603;0.747889447236181;0.820502512562814;0.857437185929648;0.897537688442211;0.926633165829146;0.958994974874372
0.492663316582915;0.72608040201005;0.834723618090452;0.865829145728643;0.894623115577889;0.927939698492462;0.956884422110553
0.47356783919598;0.749396984924623;0.834170854271357;0.845025125628141;0.892663316582915;0.931557788944724;0.951457286432161
0.465879396984925;0.723969849246231;0.831909547738694;0.870301507537688;0.891457286432161;0.929195979899498;0.954070351758794
0.48035175879397;0.736582914572864;0.82035175879397;0.853969849246231;0.900150753768844;0.929095477386935;0.954221105527638
0.486231155778894;0.751356783919598;0.825778894472362;0.874070351758794;0.891407035175879;0.932110552763819;0.9578391959799
0.49929648241206;0.722914572864322;0.827688442211055;0.865075376884422;0.895376884422111;0.92391959798995;0.95748743718593
0.482412060301508;0.727537688442211;0.829798994974874;0.863618090452261;0.900301507537688;0.931909547738694;0.957085427135678
0.475929648241206;0.72929648241206;0.828542713567839;0.875376884422111;0.891959798994975;0.930552763819095;0.953467336683417
0.484371859296482;0.748743718592965;0.829246231155779;0.871005025125628;0.890552763819095;0.926381909547739;0.955326633165829
0.494020100502513;0.733115577889447;0.826331658291457;0.875879396984925;0.899045226130653;0.921256281407035;0.954070351758794
0.48035175879397;0.734924623115578;0.82391959798995;0.86678391959799;0.888040201005025;0.928894472361809;0.952311557788945
0.48964824120603;0.751005025125628;0.832462311557789;0.869195979899497;0.898592964824121;0.931758793969849;0.950251256281407
0.478190954773869;0.741256281407035;0.828291457286432;0.872060301507538;0.890904522613065;0.925125628140704;0.957236180904523
0.487989949748744;0.735628140703518;0.80748743718593;0.868140703517588;0.892010050251256;0.930904522613065;0.958341708542714
0.454221105527638;0.741105527638191;0.816231155778894;0.863618090452261;0.893768844221105;0.922964824120603;0.953065326633166
0.478190954773869;0.736834170854271;0.829798994974874;0.862713567839196;0.885326633165829;0.92608040201005;0.953969849246231
0.502060301507538;0.725577889447236;0.801959798994975;0.87251256281407;0.895075376884422;0.928542713567839;0.955326633165829
0.444422110552764;0.751708542713568;0.824422110552764;0.867437185929648;0.894572864321608;0.918994974874372;0.957587939698492
0.494020100502513;0.72678391959799;0.825276381909548;0.858341708542714;0.894371859296482;0.925175879396985;0.95105527638191
0.475929648241206;0.723165829145729;0.832613065326633;0.870452261306533;0.898844221105528;0.93105527638191;0.951557788944724
0.482412060301508;0.737085427135678;0.828894472361809;0.872311557788945;0.887738693467337;0.930050251256281;0.958190954773869
0.478190954773869;0.752914572864322;0.813668341708543;0.868542713567839;0.896934673366834;0.924120603015075;0.957185929648241
0.48964824120603;0.74427135678392;0.831306532663317;0.863015075376884;0.896884422110553;0.927437185929648;0.953768844221106
0.500050251256281;0.749195979899497;0.833969849246231;0.866180904522613;0.89070351758794;0.927788944723618;0.95356783919598
0.48964824120603;0.75251256281407;0.821708542713568;0.87070351758794;0.891758793969849;0.924572864321608;0.956532663316583
0.486231155778894;0.741155778894472;0.827336683417085;0.870904522613065;0.890150753768844;0.932713567839196;0.947286432160804
0.471105527638191;0.751608040201005;0.818040201005025;0.872713567839196;0.88929648241206;0.916633165829146;0.956984924623116
0.48035175879397;0.745778894472362;0.816834170854271;0.87643216080402;0.891859296482412;0.928140703517588;0.953065326633166
0.463115577889447;0.747085427135678;0.814673366834171;0.867738693467337;0.890100502512563;0.927688442211055;0.951105527638191
0.49643216080402;0.732311557788945;0.83286432160804;0.865879396984925;0.898793969849246;0.928844221105528;0.955527638190955
0.49748743718593;0.718442211055276;0.830603015075377;0.873517587939698;0.888291457286432;0.926482412060301;0.950150753768844
0.50070351758794;0.750402010050251;0.828241206030151;0.878040201005025;0.879849246231156;0.927889447236181;0.95105527638191
0.48964824120603;0.743366834170854;0.801758793969849;0.873969849246231;0.890502512562814;0.929597989949749;0.956884422110553
0.48964824120603;0.750753768844221;0.808140703517588;0.864422110552764;0.892211055276382;0.924371859296482;0.952663316582915
0.484371859296482;0.752361809045226;0.794572864321608;0.864924623115578;0.886130653266332;0.928894472361809;0.956381909547739
0.47356783919598;0.737889447236181;0.825125628140704;0.871507537688442;0.884924623115578;0.928391959798995;0.953366834170854
0.457286432160804;0.736834170854271;0.822462311557789;0.866532663316583;0.8921608040201;0.929346733668342;0.955577889447236
0.465879396984925;0.747889447236181;0.823417085427136;0.871758793969849;0.897236180904523;0.927587939698493;0.953366834170854
0.491206030150754;0.72713567839196;0.83321608040201;0.862060301507538;0.892060301507538;0.922763819095477;0.957386934673367
0.48964824120603;0.727085427135678;0.825075376884422;0.8578391959799;0.900150753768844;0.925175879396985;0.954371859296482
0.460251256281407;0.714924623115578;0.828693467336683;0.872311557788945;0.890804020100503;0.927336683417085;0.957738693467337
0.501708542713568;0.745125628140703;0.833366834170854;0.872462311557789;0.896482412060302;0.923869346733668;0.946331658291457
0.468542713567839;0.750753768844221;0.816281407035176;0.869346733668342;0.895778894472362;0.929698492462312;0.950804020100502
0.457286432160804;0.737336683417085;0.826582914572864;0.860452261306533;0.885929648241206;0.932060301507538;0.957085427135678
0.501708542713568;0.75070351758794;0.826934673366834;0.852713567839196;0.894321608040201;0.929447236180905;0.956884422110553
0.487989949748744;0.739447236180905;0.830603015075377;0.87251256281407;0.894422110552764;0.927286432160804;0.949145728643216
0.45105527638191;0.751758793969849;0.818241206030151;0.860502512562814;0.891708542713568;0.933668341708543;0.95105527638191
0.50070351758794;0.744974874371859;0.825376884422111;0.865879396984925;0.887788944723618;0.931758793969849;0.950502512562814
0.482412060301508;0.752412060301508;0.815628140703518;0.867738693467337;0.89391959798995;0.929899497487437;0.951557788944724
0.475929648241206;0.749095477386935;0.830753768844221;0.872663316582915;0.894824120603015;0.928994974874372;0.949447236180905
0.45105527638191;0.744371859296482;0.832361809045226;0.871557788944724;0.896130653266332;0.921507537688442;0.953668341708543
0.471105527638191;0.740150753768844;0.813819095477387;0.869547738693467;0.898592964824121;0.929246231155779;0.954974874371859
0.49929648241206;0.740050251256281;0.82929648241206;0.874371859296482;0.888793969849246;0.924170854271357;0.958391959798995
0.498442211055276;0.750753768844221;0.829597989949749;0.868592964824121;0.877587939698492;0.928743718592965;0.956733668341709
0.463115577889447;0.747939698492462;0.82035175879397;0.865175879396985;0.892914572864322;0.923668341708543;0.954120603015075
0.48964824120603;0.723869346733668;0.828743718592965;0.851708542713568;0.887738693467337;0.933065326633166;0.952412060301507
0.50251256281407;0.745175879396985;0.832361809045226;0.870653266331658;0.899396984924623;0.928140703517588;0.958341708542714
0.491206030150754;0.748592964824121;0.825125628140704;0.862914572864322;0.887437185929648;0.932311557788945;0.957085427135678
0.492663316582915;0.738040201005025;0.830100502512563;0.852311557788945;0.900301507537688;0.920603015075377;0.951658291457286
0.444422110552764;0.731105527638191;0.82964824120603;0.866834170854271;0.895025125628141;0.925125628140704;0.958090452261307
0.501256281407035;0.75286432160804;0.827085427135678;0.868542713567839;0.897839195979899;0.932562814070352;0.954623115577889
0.491206030150754;0.738844221105528;0.824874371859296;0.867185929648241;0.896180904522613;0.928592964824121;0.955527638190955
0.484371859296482;0.748341708542714;0.831005025125628;0.865075376884422;0.892110552763819;0.928844221105528;0.958492462311558
0.447788944723618;0.75;0.814773869346734;0.872663316582915;0.896180904522613;0.926934673366834;0.957989949748744
0.47356783919598;0.749899497487437;0.831155778894472;0.864221105527638;0.891557788944724;0.93;0.954221105527638
0.484371859296482;0.711206030150754;0.827738693467337;0.869899497487437;0.897336683417085;0.922713567839196;0.960301507537688
0.494020100502513;0.747537688442211;0.823015075376884;0.872613065326633;0.895175879396985;0.930854271356784;0.956281407035176
0.48964824120603;0.745477386934673;0.832964824120603;0.867185929648241;0.886683417085427;0.924874371859296;0.954623115577889
0.433718592964824;0.752110552763819;0.826884422110553;0.862814070351759;0.893366834170854;0.927688442211055;0.956381909547739
0.475929648241206;0.744874371859297;0.826984924623116;0.867839195979899;0.890100502512563;0.927587939698493;0.955577889447236
0.447788944723618;0.74356783919598;0.828090452261307;0.870804020100503;0.896532663316583;0.925376884422111;0.957889447236181
0.502060301507538;0.739246231155779;0.81748743718593;0.866683417085427;0.89964824120603;0.927035175879397;0.957939698492462
0.482412060301508;0.734221105527638;0.830904522613065;0.869547738693467;0.899195979899498;0.932261306532663;0.954522613065327
0.491206030150754;0.736633165829146;0.826884422110553;0.865929648241206;0.893819095477387;0.928341708542714;0.951758793969849
0.495276381909548;0.735477386934673;0.823417085427136;0.859698492462312;0.894170854271357;0.928894472361809;0.956532663316583
0.494020100502513;0.747989949748744;0.821909547738694;0.874170854271357;0.896884422110553;0.924070351758794;0.957286432160804
0.49929648241206;0.731005025125628;0.82894472361809;0.870552763819096;0.902462311557789;0.93356783919598;0.956532663316583
0.495276381909548;0.745175879396985;0.827738693467337;0.87427135678392;0.893115577889447;0.925025125628141;0.95391959798995
0.454221105527638;0.742462311557789;0.829497487437186;0.872562814070352;0.894371859296482;0.923819095477387;0.956231155778895
0.471105527638191;0.750402010050251;0.826934673366834;0.868040201005025;0.886884422110553;0.926130653266332;0.954120603015075
0.465879396984925;0.748391959798995;0.81748743718593;0.871155778894472;0.893668341708543;0.933165829145729;0.954422110552764
0.502060301507538;0.726381909547739;0.828592964824121;0.875829145728643;0.891306532663317;0.931256281407035;0.952814070351759
0.502462311557789;0.74356783919598;0.826532663316583;0.871055276381909;0.884472361809045;0.931005025125628;0.951457286432161
0.471105527638191;0.738241206030151;0.822160804020101;0.868291457286432;0.889547738693467;0.929396984924623;0.956984924623116
0.457286432160804;0.753517587939698;0.814221105527638;0.867738693467337;0.896733668341709;0.930753768844221;0.956231155778895
0.49748743718593;0.743065326633166;0.830100502512563;0.86427135678392;0.890301507537688;0.925477386934673;0.952613065326633
0.386733668341709;0.744974874371859;0.814472361809045;0.864773869346734;0.899246231155779;0.924924623115578;0.955929648241206
0.494020100502513;0.74035175879397;0.826984924623116;0.868793969849246;0.896030150753769;0.927437185929648;0.954371859296482
0.486231155778894;0.739497487437186;0.813065326633166;0.868040201005025;0.884522613065327;0.918241206030151;0.958793969849246
0.457286432160804;0.750402010050251;0.808442211055276;0.872964824120603;0.886934673366834;0.929798994974874;0.956482412060301
0.468542713567839;0.724673366834171;0.82608040201005;0.865929648241206;0.882964824120603;0.922814070351759;0.954221105527638
0.49748743718593;0.719145728643216;0.820502512562814;0.865527638190955;0.897286432160804;0.926231155778894;0.949798994974874
0.500050251256281;0.742562814070352;0.827989949748744;0.862814070351759;0.894874371859297;0.925628140703518;0.955628140703518
0.465879396984925;0.73070351758794;0.834371859296482;0.869246231155779;0.895829145728643;0.924874371859296;0.955326633165829
0.447788944723618;0.735125628140703;0.830502512562814;0.873316582914573;0.888442211055276;0.921407035175879;0.954020100502513
0.486231155778894;0.745527638190955;0.820552763819095;0.861507537688442;0.890402010050251;0.930603015075377;0.955175879396985
0.48964824120603;0.739346733668342;0.819497487437186;0.868442211055276;0.895678391959799;0.930050251256281;0.952211055276382
0.50070351758794;0.736231155778894;0.836281407035176;0.867889447236181;0.893768844221105;0.929396984924623;0.954221105527638
0.48964824120603;0.730653266331658;0.813768844221106;0.862713567839196;0.890603015075377;0.929949748743719;0.950552763819095
0.484371859296482;0.730100502512563;0.824120603015075;0.865577889447236;0.897286432160804;0.91929648241206;0.957939698492462
0.501708542713568;0.752914572864322;0.831658291457286;0.875879396984925;0.890753768844221;0.923266331658291;0.954974874371859
0.468542713567839;0.739949748743719;0.83678391959799;0.875829145728643;0.900251256281407;0.930804020100503;0.953768844221106
0.460251256281407;0.726884422110553;0.832964824120603;0.859396984924623;0.895276381909548;0.928592964824121;0.958040201005025
0.486231155778894;0.750603015075377;0.816130653266332;0.869447236180904;0.898542713567839;0.928592964824121;0.955276381909548
0.492663316582915;0.736834170854271;0.822914572864322;0.864824120603015;0.897286432160804;0.93251256281407;0.957286432160804
0.482412060301508;0.744572864321608;0.817236180904523;0.871909547738693;0.895226130653266;0.921407035175879;0.958341708542714
0.502311557788945;0.741959798994975;0.811658291457286;0.862462311557789;0.893366834170854;0.928190954773869;0.953266331658291
0.487989949748744;0.753417085427136;0.817537688442211;0.862211055276382;0.893517587939698;0.926733668341709;0.954723618090452
0.478190954773869;0.735829145728643;0.799195979899498;0.866231155778894;0.883819095477387;0.930050251256281;0.954472361809045
0.468542713567839;0.747035175879397;0.813015075376884;0.86643216080402;0.898190954773869;0.927035175879397;0.955577889447236
0.475929648241206;0.746331658291457;0.826030150753769;0.870753768844221;0.892462311557789;0.929547738693467;0.958291457286432
0.48035175879397;0.74427135678392;0.825929648241206;0.872010050251256;0.887185929648241;0.929698492462312;0.955125628140704
0.484371859296482;0.73321608040201;0.835175879396985;0.859597989949749;0.890201005025126;0.921959798994975;0.956884422110553
0.49643216080402;0.750100502512563;0.830603015075377;0.869798994974874;0.894221105527638;0.926984924623116;0.951758793969849
0.50070351758794;0.742160804020101;0.821909547738694;0.857939698492462;0.891105527638191;0.932412060301508;0.949798994974874
0.440954773869347;0.73894472361809;0.822060301507538;0.860904522613065;0.888693467336683;0.926281407035176;0.954623115577889
0.494020100502513;0.738341708542714;0.826130653266332;0.873316582914573;0.890552763819095;0.930201005025126;0.958894472361809
0.494020100502513;0.748291457286432;0.832010050251256;0.868592964824121;0.897889447236181;0.927587939698493;0.956030150753769
0.491206030150754;0.74608040201005;0.812964824120603;0.871206030150754;0.891356783919598;0.927738693467337;0.951909547738694
0.440954773869347;0.745979899497487;0.806381909547739;0.870100502512563;0.891005025125628;0.929346733668342;0.947085427135678
0.494020100502513;0.736733668341709;0.834572864321608;0.863065326633166;0.896180904522613;0.9221608040201;0.955226130653266
0.495276381909548;0.740150753768844;0.820301507537688;0.872110552763819;0.894070351758794;0.925326633165829;0.953366834170854
0.49643216080402;0.736231155778894;0.831809045226131;0.868291457286432;0.893165829145729;0.927738693467337;0.953115577889447
0.498442211055276;0.747085427135678;0.820150753768844;0.873819095477387;0.890904522613065;0.926130653266332;0.955678391959799
0.42608040201005;0.745075376884422;0.815527638190955;0.872311557788945;0.897286432160804;0.92748743718593;0.956582914572864
0.491206030150754;0.745326633165829;0.831256281407035;0.869698492462312;0.896733668341709;0.928190954773869;0.952613065326633
0.482412060301508;0.750603015075377;0.82105527638191;0.867839195979899;0.892663316582915;0.925628140703518;0.951658291457286
0.500050251256281;0.726733668341708;0.823768844221106;0.866381909547739;0.894321608040201;0.931155778894472;0.954170854271357
0.48035175879397;0.742462311557789;0.823819095477387;0.865427135678392;0.895276381909548;0.929195979899498;0.953467336683417
0.502060301507538;0.747185929648241;0.819798994974874;0.85608040201005;0.890150753768844;0.927537688442211;0.957939698492462
0.433718592964824;0.750050251256281;0.831608040201005;0.861005025125628;0.899145728643216;0.923819095477387;0.957587939698492
0.498442211055276;0.736331658291457;0.826381909547739;0.867336683417085;0.900100502512563;0.928492462311558;0.954623115577889
0.47356783919598;0.742211055276382;0.827688442211055;0.868743718592965;0.890251256281407;0.925025125628141;0.956381909547739
0.478190954773869;0.750603015075377;0.822914572864322;0.871457286432161;0.895527638190955;0.930301507537688;0.955929648241206
0.482412060301508;0.726633165829146;0.828844221105528;0.869949748743719;0.898190954773869;0.92894472361809;0.95643216080402
0.502311557788945;0.714924623115578;0.824371859296482;0.858190954773869;0.893668341708543;0.928341708542714;0.960100502512563
0.501256281407035;0.741758793969849;0.828442211055276;0.874321608040201;0.893417085427136;0.931155778894472;0.950251256281407
0.437386934673367;0.742261306532663;0.830050251256281;0.869396984924623;0.888090452261307;0.923165829145729;0.947638190954774
0.484371859296482;0.742261306532663;0.825829145728643;0.871557788944724;0.893266331658292;0.921457286432161;0.955276381909548
0.494020100502513;0.747537688442211;0.820904522613065;0.870954773869347;0.896331658291457;0.919145728643216;0.957989949748744
0.498442211055276;0.736281407035176;0.829095477386935;0.868693467336683;0.896733668341709;0.926683417085427;0.951909547738694
0.492663316582915;0.750904522613065;0.82643216080402;0.871005025125628;0.894572864321608;0.919346733668342;0.95608040201005
0.48035175879397;0.745577889447236;0.833015075376884;0.872562814070352;0.892010050251256;0.917236180904523;0.953065326633166
0.48035175879397;0.734623115577889;0.815125628140704;0.864422110552764;0.894673366834171;0.922311557788945;0.949447236180905
0.492663316582915;0.751758793969849;0.832361809045226;0.865477386934673;0.896482412060302;0.921608040201005;0.951155778894472
0.494020100502513;0.726834170854271;0.827587939698492;0.867185929648241;0.894422110552764;0.931909547738694;0.951105527638191
0.492663316582915;0.735929648241206;0.818391959798995;0.866482412060302;0.89608040201005;0.927939698492462;0.955326633165829
0.478190954773869;0.729547738693467;0.820603015075377;0.869949748743719;0.891457286432161;0.90964824120603;0.954170854271357
0.444422110552764;0.737035175879397;0.82678391959799;0.874371859296482;0.897738693467337;0.929597989949749;0.956934673366834
0.471105527638191;0.738793969849246;0.819145728643216;0.85356783919598;0.89427135678392;0.927537688442211;0.957688442211055
0.491206030150754;0.750402010050251;0.831608040201005;0.867638190954774;0.897939698492462;0.92321608040201;0.956683417085427
0.492663316582915;0.753015075376884;0.823165829145729;0.870753768844221;0.888844221105528;0.922412060301508;0.954020100502513
0.475929648241206;0.742562814070352;0.82608040201005;0.861557788944724;0.887939698492462;0.926231155778894;0.954321608040201
0.48035175879397;0.750402010050251;0.81391959798995;0.867336683417085;0.898291457286432;0.9278391959799;0.954321608040201
0.50070351758794;0.745326633165829;0.828190954773869;0.870954773869347;0.895979899497487;0.928190954773869;0.95713567839196
0.494020100502513;0.739798994974874;0.825628140703518;0.87643216080402;0.895326633165829;0.930301507537688;0.953266331658291
0.500050251256281;0.740050251256281;0.830452261306533;0.873065326633166;0.890753768844221;0.928341708542714;0.961407035175879
0.487989949748744;0.747587939698492;0.825929648241206;0.87035175879397;0.892211055276382;0.927537688442211;0.956733668341709
0.502311557788945;0.747537688442211;0.825527638190955;0.859899497487437;0.900201005025126;0.93251256281407;0.954321608040201
0.444422110552764;0.735527638190955;0.830653266331658;0.865326633165829;0.888994974874372;0.926482412060301;0.951658291457286
0.47356783919598;0.73964824120603;0.826030150753769;0.869698492462312;0.896130653266332;0.927889447236181;0.95643216080402
0.460251256281407;0.746984924623116;0.824371859296482;0.86391959798995;0.899547738693467;0.926633165829146;0.954472361809045
0.487989949748744;0.730502512562814;0.829346733668342;0.869246231155779;0.898391959798995;0.930804020100503;0.956331658291457
0.475929648241206;0.742311557788945;0.830402010050251;0.867537688442211;0.897386934673367;0.920150753768844;0.953366834170854
0.478190954773869;0.726180904522613;0.827989949748744;0.870150753768844;0.889849246231156;0.922311557788945;0.955175879396985
0.494020100502513;0.738844221105528;0.822160804020101;0.876381909547739;0.895175879396985;0.929748743718593;0.948442211055276
0.42608040201005;0.738341708542714;0.822261306532663;0.859597989949749;0.892311557788945;0.926180904522613;0.955025125628141
0.494020100502513;0.723115577889447;0.82608040201005;0.856281407035176;0.897236180904523;0.929346733668342;0.9578391959799
0.482412060301508;0.741658291457286;0.827738693467337;0.857788944723618;0.891155778894472;0.922311557788945;0.955025125628141
0.463115577889447;0.740150753768844;0.817035175879397;0.865577889447236;0.898140703517588;0.924824120603015;0.954572864321608
0.491206030150754;0.752361809045226;0.815829145728643;0.853467336683417;0.892914572864322;0.924723618090452;0.95678391959799
0.475929648241206;0.732412060301508;0.83035175879397;0.850251256281407;0.896482412060302;0.919195979899498;0.958592964824121
0.433718592964824;0.73321608040201;0.816683417085427;0.865025125628141;0.894924623115578;0.93105527638191;0.955175879396985
0.491206030150754;0.74678391959799;0.82105527638191;0.869748743718593;0.894020100502513;0.931708542713568;0.954472361809045
0.49643216080402;0.748442211055276;0.825025125628141;0.871557788944724;0.899698492462312;0.928643216080402;0.956130653266332
0.486231155778894;0.747386934673367;0.823869346733668;0.863718592964824;0.897587939698492;0.924623115577889;0.954020100502513
0.492663316582915;0.750804020100503;0.826884422110553;0.867638190954774;0.89713567839196;0.931256281407035;0.953618090452261
0.482412060301508;0.740150753768844;0.827537688442211;0.867085427135678;0.900100502512563;0.919045226130653;0.955376884422111
0.486231155778894;0.75070351758794;0.833316582914573;0.868743718592965;0.902361809045226;0.927437185929648;0.956231155778895
0.500050251256281;0.753015075376884;0.830050251256281;0.864824120603015;0.889396984924623;0.926834170854271;0.952060301507538
0.492663316582915;0.73748743718593;0.821557788944724;0.868442211055276;0.891155778894472;0.920050251256281;0.947437185929648
0.486231155778894;0.746532663316583;0.811507537688442;0.866934673366834;0.902964824120603;0.932412060301508;0.95427135678392
0.484371859296482;0.724572864321608;0.832412060301507;0.865075376884422;0.888140703517588;0.928291457286432;0.956482412060301
0.482412060301508;0.731608040201005;0.822713567839196;0.860502512562814;0.883165829145729;0.932311557788945;0.944120603015075
0.47356783919598;0.739547738693467;0.810854271356784;0.867587939698492;0.887587939698492;0.929899497487437;0.952964824120603
0.50251256281407;0.738241206030151;0.830753768844221;0.857185929648241;0.895577889447236;0.929949748743719;0.953869346733668
0.457286432160804;0.74678391959799;0.816331658291457;0.873366834170854;0.901256281407035;0.923417085427136;0.952010050251256
0.486231155778894;0.728291457286432;0.83321608040201;0.868643216080402;0.894472361809045;0.923768844221106;0.954321608040201
0.482412060301508;0.742964824120603;0.829597989949749;0.871758793969849;0.888291457286432;0.927185929648241;0.953969849246231
0.457286432160804;0.742311557788945;0.801306532663317;0.864824120603015;0.895979899497487;0.924773869346734;0.957437185929648
0.49929648241206;0.745175879396985;0.833969849246231;0.874623115577889;0.886884422110553;0.929195979899498;0.953819095477387
0.502311557788945;0.731557788944724;0.798040201005025;0.87608040201005;0.887788944723618;0.926381909547739;0.957587939698492
0.468542713567839;0.745175879396985;0.82678391959799;0.869798994974874;0.894723618090452;0.927688442211055;0.957286432160804
0.495276381909548;0.749396984924623;0.83;0.862613065326633;0.889396984924623;0.927587939698493;0.954673366834171
0.49929648241206;0.730854271356784;0.826482412060301;0.868442211055276;0.897085427135678;0.927185929648241;0.950552763819095
0.468542713567839;0.72748743718593;0.817035175879397;0.858643216080402;0.895979899497487;0.928693467336683;0.952261306532663
0.501708542713568;0.739045226130653;0.815527638190955;0.864120603015075;0.894824120603015;0.919095477386935;0.955226130653266
0.460251256281407;0.750100502512563;0.822763819095477;0.861909547738693;0.893969849246231;0.928492462311558;0.960603015075377
0.50070351758794;0.722814070351759;0.828894472361809;0.867638190954774;0.890804020100503;0.92;0.956884422110553
0.491206030150754;0.738492462311558;0.823969849246231;0.873467336683417;0.894522613065327;0.931105527638191;0.956633165829146
0.484371859296482;0.747839195979899;0.829246231155779;0.876834170854271;0.891005025125628;0.920402010050251;0.952462311557789
0.478190954773869;0.74286432160804;0.817085427135678;0.869145728643216;0.881608040201005;0.930201005025126;0.95748743718593
0.47356783919598;0.743819095477387;0.835276381909548;0.874472361809045;0.890201005025126;0.925326633165829;0.945678391959799
0.487989949748744;0.717386934673367;0.815025125628141;0.863366834170854;0.889095477386935;0.925829145728643;0.955577889447236
0.49643216080402;0.70356783919598;0.827939698492462;0.855577889447236;0.895929648241206;0.93105527638191;0.953718592964824
0.482412060301508;0.740452261306533;0.827989949748744;0.860804020100503;0.883668341708543;0.930301507537688;0.955125628140704
0.471105527638191;0.752060301507538;0.812361809045226;0.852462311557789;0.87251256281407;0.925527638190955;0.952261306532663
0.491206030150754;0.742261306532663;0.807035175879397;0.863517587939698;0.89070351758794;0.922914572864322;0.959547738693467
0.454221105527638;0.725125628140703;0.830653266331658;0.870904522613065;0.895376884422111;0.932964824120603;0.953015075376884
0.48964824120603;0.740050251256281;0.8278391959799;0.86929648241206;0.887889447236181;0.928241206030151;0.955326633165829
0.484371859296482;0.735226130653266;0.831457286432161;0.867035175879397;0.881306532663317;0.928492462311558;0.957185929648241
0.478190954773869;0.74356783919598;0.813718592964824;0.872562814070352;0.895577889447236;0.929597989949749;0.954070351758794
0.495276381909548;0.737587939698492;0.818743718592965;0.867336683417085;0.897537688442211;0.925527638190955;0.955326633165829
0.465879396984925;0.740653266331658;0.823015075376884;0.874020100502513;0.889447236180904;0.928391959798995;0.948291457286432
0.500050251256281;0.714120603015075;0.822462311557789;0.86748743718593;0.886482412060302;0.921457286432161;0.951758793969849
0.484371859296482;0.74391959798995;0.828140703517588;0.86929648241206;0.887085427135678;0.921909547738693;0.956532663316583
0.500050251256281;0.744974874371859;0.826733668341709;0.860251256281407;0.890150753768844;0.923366834170854;0.955477386934673
0.482412060301508;0.750854271356784;0.818693467336683;0.873718592964824;0.895628140703518;0.92608040201005;0.955376884422111
0.492663316582915;0.73929648241206;0.832060301507538;0.866834170854271;0.891608040201005;0.930050251256281;0.953718592964824
0.47356783919598;0.745175879396985;0.813165829145729;0.864924623115578;0.894723618090452;0.927185929648241;0.951859296482412
0.475929648241206;0.723165829145729;0.833517587939699;0.869095477386935;0.896331658291457;0.930150753768844;0.956834170854271
0.413869346733668;0.741155778894472;0.834120603015075;0.874422110552764;0.885979899497487;0.924371859296482;0.953065326633166
0.45105527638191;0.742663316582915;0.828140703517588;0.86929648241206;0.900653266331658;0.921608040201005;0.948442211055276
0.482412060301508;0.743618090452261;0.832964824120603;0.863015075376884;0.882261306532663;0.924472361809045;0.950301507537688
0.463115577889447;0.728291457286432;0.816231155778894;0.858040201005025;0.893115577889447;0.929597989949749;0.952110552763819
0.501256281407035;0.748592964824121;0.827989949748744;0.875778894472362;0.89251256281407;0.930301507537688;0.952763819095477
0.491206030150754;0.749497487437186;0.826984924623116;0.872613065326633;0.894824120603015;0.923969849246231;0.956381909547739
0.500050251256281;0.741959798994975;0.833517587939699;0.858693467336683;0.89427135678392;0.927336683417085;0.951959798994975
0.47356783919598;0.738643216080402;0.834623115577889;0.868894472361809;0.894170854271357;0.923517587939699;0.95391959798995
0.484371859296482;0.746180904522613;0.823065326633166;0.863115577889447;0.888643216080402;0.928492462311558;0.959949748743719
0.444422110552764;0.740753768844221;0.823969849246231;0.872914572864322;0.885376884422111;0.929798994974874;0.954974874371859
0.463115577889447;0.74748743718593;0.835075376884422;0.865326633165829;0.89356783919598;0.925427135678392;0.956532663316583
0.484371859296482;0.730251256281407;0.802311557788945;0.867085427135678;0.890201005025126;0.926180904522613;0.957286432160804
0.501256281407035;0.718442211055276;0.828643216080402;0.874321608040201;0.885125628140704;0.927437185929648;0.947587939698492
0.491206030150754;0.709195979899497;0.806984924623116;0.863718592964824;0.889246231155779;0.930251256281407;0.954371859296482
0.471105527638191;0.740603015075377;0.822713567839196;0.877587939698492;0.896582914572864;0.930050251256281;0.953266331658291
0.48964824120603;0.752060301507538;0.824824120603015;0.868190954773869;0.889798994974874;0.927638190954774;0.954422110552764
0.465879396984925;0.747889447236181;0.820150753768844;0.871859296482412;0.889899497487437;0.926582914572864;0.956683417085427
0.478190954773869;0.747236180904523;0.830753768844221;0.863618090452261;0.886884422110553;0.917989949748744;0.958341708542714
0.47356783919598;0.71572864321608;0.831557788944724;0.872562814070352;0.894020100502513;0.926834170854271;0.951005025125628
0.471105527638191;0.740552763819096;0.824924623115578;0.868592964824121;0.894422110552764;0.922010050251256;0.955577889447236
0.45105527638191;0.731005025125628;0.832462311557789;0.868944723618091;0.890753768844221;0.927336683417085;0.954120603015075
0.502060301507538;0.750100502512563;0.829748743718593;0.864020100502513;0.886130653266332;0.928693467336683;0.950904522613065
0.482412060301508;0.735577889447236;0.828241206030151;0.854170854271357;0.896582914572864;0.926834170854271;0.952211055276382
0.491206030150754;0.71964824120603;0.821407035175879;0.869447236180904;0.895678391959799;0.926281407035176;0.953618090452261
0.465879396984925;0.747587939698492;0.833366834170854;0.870653266331658;0.895175879396985;0.929095477386935;0.95678391959799
0.429949748743719;0.751507537688442;0.805879396984925;0.874924623115578;0.893115577889447;0.927939698492462;0.953316582914573
0.482412060301508;0.748793969849246;0.834773869346734;0.868391959798995;0.896331658291457;0.924371859296482;0.955075376884422
0.478190954773869;0.738040201005025;0.825979899497487;0.863115577889447;0.89105527638191;0.929396984924623;0.959748743718593
0.482412060301508;0.748140703517588;0.826130653266332;0.871105527638191;0.889748743718593;0.927587939698493;0.954371859296482
0.492663316582915;0.743768844221106;0.835075376884422;0.863165829145729;0.891859296482412;0.929396984924623;0.952562814070352
0.486231155778894;0.743768844221106;0.819346733668342;0.869246231155779;0.883969849246231;0.921457286432161;0.954170854271357
0.463115577889447;0.739145728643216;0.820904522613065;0.857236180904523;0.891658291457286;0.929447236180905;0.951708542713568
0.471105527638191;0.74035175879397;0.821105527638191;0.864321608040201;0.89643216080402;0.923869346733668;0.954422110552764
0.492663316582915;0.745778894472362;0.828542713567839;0.870653266331658;0.896984924623116;0.924522613065327;0.954371859296482
0.48035175879397;0.744974874371859;0.82391959798995;0.867839195979899;0.895326633165829;0.927587939698493;0.954422110552764
0.48035175879397;0.750804020100503;0.820552763819095;0.865879396984925;0.894070351758794;0.927788944723618;0.952211055276382
0.49748743718593;0.742562814070352;0.824221105527638;0.867839195979899;0.890804020100503;0.928844221105528;0.953266331658291
0.49748743718593;0.722964824120603;0.82572864321608;0.858492462311558;0.89286432160804;0.923718592964824;0.954522613065327
0.475929648241206;0.733417085427136;0.826582914572864;0.868894472361809;0.899798994974874;0.928140703517588;0.953819095477387
0.486231155778894;0.732914572864322;0.827788944723618;0.845979899497487;0.89572864321608;0.930402010050251;0.948994974874372
0.482412060301508;0.721457286432161;0.825778894472362;0.870753768844221;0.889798994974874;0.929597989949749;0.957236180904523
0.48035175879397;0.739045226130653;0.82391959798995;0.861005025125628;0.898743718592965;0.929849246231156;0.953718592964824
0.495276381909548;0.745075376884422;0.823618090452261;0.869748743718593;0.894522613065327;0.926381909547739;0.951859296482412
0.501256281407035;0.735427135678392;0.832914572864322;0.871055276381909;0.89572864321608;0.927638190954774;0.952713567839196
0.487989949748744;0.729145728643216;0.828542713567839;0.875477386934673;0.897889447236181;0.927437185929648;0.954924623115578
0.48035175879397;0.743065326633166;0.832763819095477;0.859748743718593;0.895175879396985;0.925979899497487;0.952412060301507
0.494020100502513;0.749698492462312;0.820100502512563;0.873969849246231;0.894572864321608;0.929346733668342;0.955577889447236
0.501256281407035;0.748894472361809;0.827185929648241;0.871959798994975;0.896331658291457;0.928693467336683;0.958442211055276
0.495276381909548;0.723266331658291;0.827236180904523;0.857788944723618;0.888492462311558;0.927386934673367;0.953768844221106
0.484371859296482;0.742060301507538;0.829949748743719;0.865477386934673;0.893718592964824;0.930251256281407;0.956683417085427
0.457286432160804;0.733517587939698;0.82894472361809;0.867839195979899;0.886281407035176;0.927236180904523;0.952361809045226
0.468542713567839;0.733316582914573;0.810753768844221;0.866180904522613;0.897085427135678;0.927236180904523;0.955778894472362
0.487989949748744;0.745276381909548;0.806633165829146;0.872763819095477;0.894472361809045;0.924623115577889;0.955226130653266
0.482412060301508;0.747386934673367;0.823366834170854;0.870150753768844;0.894723618090452;0.93035175879397;0.956532663316583
0.457286432160804;0.738693467336683;0.823366834170854;0.858291457286432;0.897286432160804;0.929849246231156;0.953517587939699
0.484371859296482;0.737638190954774;0.830552763819095;0.863165829145729;0.889447236180904;0.933165829145729;0.956231155778895
0.502311557788945;0.729447236180905;0.809949748743719;0.864824120603015;0.891005025125628;0.927638190954774;0.950452261306533
0.465879396984925;0.745175879396985;0.832361809045226;0.871206030150754;0.900603015075377;0.924924623115578;0.958090452261307
0.465879396984925;0.733969849246231;0.834924623115578;0.867839195979899;0.889949748743719;0.921306532663317;0.950904522613065
0.49643216080402;0.741256281407035;0.824723618090452;0.86321608040201;0.887638190954774;0.931758793969849;0.953417085427136
0.465879396984925;0.720251256281407;0.809045226130653;0.869798994974874;0.895979899497487;0.931758793969849;0.951809045226131
0.495276381909548;0.753316582914573;0.83251256281407;0.872211055276382;0.896281407035176;0.926934673366834;0.95572864321608
0.49748743718593;0.75070351758794;0.824874371859296;0.865125628140703;0.896884422110553;0.927638190954774;0.954170854271357
0.437386934673367;0.738693467336683;0.816884422110553;0.872010050251256;0.895075376884422;0.93070351758794;0.956582914572864
0.484371859296482;0.738040201005025;0.827537688442211;0.863517587939698;0.895326633165829;0.930954773869347;0.952060301507538
0.494020100502513;0.735628140703518;0.833517587939699;0.871507537688442;0.894874371859297;0.928190954773869;0.952814070351759
0.49929648241206;0.724773869346734;0.830452261306533;0.871708542713568;0.895175879396985;0.929195979899498;0.958391959798995
0.487989949748744;0.734924623115578;0.82964824120603;0.863467336683417;0.898844221105528;0.931457286432161;0.958793969849246
0.465879396984925;0.709798994974874;0.829949748743719;0.859899497487437;0.889899497487437;0.927537688442211;0.953266331658291
0.491206030150754;0.73678391959799;0.825376884422111;0.871306532663317;0.88929648241206;0.929949748743719;0.956180904522613
0.475929648241206;0.740653266331658;0.832211055276382;0.873969849246231;0.896331658291457;0.931256281407035;0.955527638190955
0.486231155778894;0.731859296482412;0.829547738693467;0.868743718592965;0.899597989949749;0.930201005025126;0.954422110552764
0.486231155778894;0.743366834170854;0.832412060301507;0.869748743718593;0.886482412060302;0.916884422110553;0.951457286432161
0.478190954773869;0.743668341708543;0.816381909547739;0.864723618090452;0.894321608040201;0.934371859296482;0.953969849246231
0.48035175879397;0.712713567839196;0.824371859296482;0.874422110552764;0.89251256281407;0.92678391959799;0.953618090452261
0.50251256281407;0.743165829145729;0.80678391959799;0.867185929648241;0.888894472361809;0.929095477386935;0.952160804020101
0.486231155778894;0.718994974874372;0.82678391959799;0.874773869346734;0.898140703517588;0.927688442211055;0.952010050251256
0.494020100502513;0.740954773869347;0.831758793969849;0.871256281407035;0.88894472361809;0.926331658291457;0.953165829145729
0.42608040201005;0.728291457286432;0.800201005025126;0.874874371859297;0.891809045226131;0.926532663316583;0.956884422110553
0.475929648241206;0.730954773869347;0.833266331658291;0.862763819095477;0.887236180904523;0.92748743718593;0.957336683417085
0.48964824120603;0.745577889447236;0.813065326633166;0.872412060301508;0.897386934673367;0.926733668341709;0.952211055276382
0.495276381909548;0.740954773869347;0.809949748743719;0.865778894472362;0.885125628140704;0.924070351758794;0.954773869346734
0.486231155778894;0.749899497487437;0.833417085427136;0.874221105527638;0.890804020100503;0.933165829145729;0.955326633165829
0.501708542713568;0.746683417085427;0.820502512562814;0.864924623115578;0.884371859296482;0.929195979899498;0.957537688442211
0.498442211055276;0.749145728643216;0.834170854271357;0.874924623115578;0.897788944723618;0.924673366834171;0.955879396984925
0.475929648241206;0.740603015075377;0.825175879396985;0.862914572864322;0.883316582914573;0.928542713567839;0.954422110552764
0.465879396984925;0.726733668341708;0.808190954773869;0.866532663316583;0.893266331658292;0.93035175879397;0.953417085427136
0.49929648241206;0.73427135678392;0.83356783919598;0.863366834170854;0.885025125628141;0.931155778894472;0.952914572864322
0.460251256281407;0.741256281407035;0.818291457286432;0.866633165829146;0.885678391959799;0.927587939698493;0.953969849246231
0.492663316582915;0.736331658291457;0.824422110552764;0.865929648241206;0.895276381909548;0.928592964824121;0.950653266331658
0.471105527638191;0.747587939698492;0.833718592964824;0.868592964824121;0.89251256281407;0.929698492462312;0.951959798994975
0.471105527638191;0.725778894472362;0.822211055276382;0.870301507537688;0.890452261306533;0.9278391959799;0.955829145728643
0.482412060301508;0.751809045226131;0.827336683417085;0.868241206030151;0.889748743718593;0.924422110552764;0.954874371859296
0.471105527638191;0.747085427135678;0.825527638190955;0.871457286432161;0.892814070351759;0.924120603015075;0.947437185929648
0.463115577889447;0.72070351758794;0.823517587939699;0.86105527638191;0.897035175879397;0.92748743718593;0.952814070351759
0.413869346733668;0.739748743718593;0.826231155778895;0.87608040201005;0.892914572864322;0.928040201005025;0.947286432160804
0.48035175879397;0.741557788944724;0.825125628140704;0.871105527638191;0.897336683417085;0.92572864321608;0.954472361809045
0.47356783919598;0.751206030150754;0.828391959798995;0.862914572864322;0.887236180904523;0.929849246231156;0.957537688442211
0.502311557788945;0.751206030150754;0.828040201005025;0.875376884422111;0.892964824120603;0.924170854271357;0.955326633165829
0.486231155778894;0.737035175879397;0.833869346733668;0.873467336683417;0.890301507537688;0.929949748743719;0.952110552763819
0.482412060301508;0.735628140703518;0.818743718592965;0.871105527638191;0.886130653266332;0.929045226130653;0.958643216080402
0.460251256281407;0.749195979899497;0.821256281407035;0.865979899497487;0.898190954773869;0.931005025125628;0.956532663316583
0.478190954773869;0.75251256281407;0.828040201005025;0.871055276381909;0.887035175879397;0.926130653266332;0.952412060301507
0.486231155778894;0.741557788944724;0.827437185929648;0.868492462311558;0.892060301507538;0.925276381909548;0.956030150753769
0.465879396984925;0.750904522613065;0.833316582914573;0.872412060301508;0.893316582914573;0.924170854271357;0.951909547738694
0.463115577889447;0.749597989949749;0.829195979899497;0.871055276381909;0.888341708542714;0.932763819095477;0.95070351758794
0.502462311557789;0.725376884422111;0.815226130653266;0.870653266331658;0.898743718592965;0.923316582914573;0.955175879396985
0.491206030150754;0.749899497487437;0.828140703517588;0.876331658291457;0.896482412060302;0.922010050251256;0.95678391959799
0.486231155778894;0.750301507537688;0.82356783919598;0.856683417085427;0.888040201005025;0.913015075376884;0.956532663316583
0.50070351758794;0.740653266331658;0.811909547738694;0.868291457286432;0.896683417085427;0.925577889447236;0.953668341708543
0.495276381909548;0.731105527638191;0.834974874371859;0.858844221105528;0.884321608040201;0.929597989949749;0.957236180904523
0.468542713567839;0.726683417085427;0.820050251256281;0.873969849246231;0.893015075376884;0.93356783919598;0.951758793969849
0.502060301507538;0.740100502512563;0.829497487437186;0.871005025125628;0.884824120603015;0.92572864321608;0.949246231155779
0.48964824120603;0.723115577889447;0.836281407035176;0.86251256281407;0.884522613065327;0.924824120603015;0.955175879396985
0.413869346733668;0.733065326633166;0.817688442211055;0.874472361809045;0.902110552763819;0.934170854271357;0.953768844221106
0.494020100502513;0.741155778894472;0.834572864321608;0.872211055276382;0.896834170854271;0.92356783919598;0.959045226130653
0.502311557788945;0.730904522613065;0.817939698492462;0.871256281407035;0.879849246231156;0.926231155778894;0.949195979899497
0.49929648241206;0.73105527638191;0.824773869346734;0.871155778894472;0.894221105527638;0.928894472361809;0.952814070351759
0.486231155778894;0.751859296482412;0.820653266331658;0.861155778894472;0.89608040201005;0.931809045226131;0.95608040201005
0.498442211055276;0.732010050251256;0.831959798994975;0.873618090452261;0.888190954773869;0.92713567839196;0.956834170854271
0.501256281407035;0.731608040201005;0.825226130653266;0.865778894472362;0.885628140703518;0.925025125628141;0.952462311557789
0.447788944723618;0.746381909547739;0.813065326633166;0.868291457286432;0.896733668341709;0.92572864321608;0.951256281407035
0.465879396984925;0.748743718592965;0.816934673366834;0.867336683417085;0.881708542713568;0.931859296482412;0.952713567839196
0.498442211055276;0.744371859296482;0.815879396984925;0.869597989949749;0.889949748743719;0.918693467336683;0.956381909547739
0.484371859296482;0.728793969849246;0.818693467336683;0.874120603015075;0.897386934673367;0.921457286432161;0.955376884422111
0.468542713567839;0.737437185929648;0.827336683417085;0.865125628140703;0.891507537688442;0.932412060301508;0.953266331658291
0.494020100502513;0.750502512562814;0.799246231155779;0.875025125628141;0.890402010050251;0.924522613065327;0.955025125628141
0.498442211055276;0.74678391959799;0.833165829145729;0.87035175879397;0.900301507537688;0.928743718592965;0.954623115577889
0.444422110552764;0.724673366834171;0.829045226130653;0.870201005025126;0.897939698492462;0.932663316582915;0.955979899497487
0.486231155778894;0.736532663316583;0.828894472361809;0.866180904522613;0.89356783919598;0.928241206030151;0.955376884422111
0.475929648241206;0.749547738693467;0.83035175879397;0.871859296482412;0.885125628140704;0.931457286432161;0.951859296482412
0.471105527638191;0.73427135678392;0.822261306532663;0.863969849246231;0.895427135678392;0.927738693467337;0.954522613065327
0.492663316582915;0.739346733668342;0.83105527638191;0.864170854271357;0.878040201005025;0.925075376884422;0.953969849246231
0.482412060301508;0.74964824120603;0.824371859296482;0.860904522613065;0.895125628140704;0.929698492462312;0.949949748743719
0.48035175879397;0.734020100502513;0.820100502512563;0.873718592964824;0.890402010050251;0.924824120603015;0.954623115577889
0.49929648241206;0.750854271356784;0.821356783919598;0.874522613065327;0.888391959798995;0.917537688442211;0.956331658291457
0.487989949748744;0.742010050251256;0.821507537688442;0.865829145728643;0.891909547738693;0.925577889447236;0.949798994974874
0.429949748743719;0.742814070351759;0.81643216080402;0.849396984924623;0.889246231155779;0.924723618090452;0.951407035175879
0.487989949748744;0.745577889447236;0.818442211055276;0.852562814070352;0.888643216080402;0.928643216080402;0.960402010050251
0.47356783919598;0.744623115577889;0.827537688442211;0.872361809045226;0.892311557788945;0.927889447236181;0.955929648241206
0.48964824120603;0.735326633165829;0.831507537688442;0.872311557788945;0.897286432160804;0.927236180904523;0.952964824120603
0.484371859296482;0.735025125628141;0.832763819095477;0.872311557788945;0.887587939698492;0.918241206030151;0.954020100502513
0.468542713567839;0.747236180904523;0.83427135678392;0.869748743718593;0.899949748743719;0.926884422110553;0.953115577889447
0.49748743718593;0.747788944723618;0.825125628140704;0.869949748743719;0.894572864321608;0.927738693467337;0.953819095477387
0.465879396984925;0.748693467336683;0.824422110552764;0.868140703517588;0.894773869346734;0.925929648241206;0.955778894472362
0.475929648241206;0.743768844221106;0.820301507537688;0.870100502512563;0.894974874371859;0.928844221105528;0.954020100502513
0.486231155778894;0.742311557788945;0.821105527638191;0.872010050251256;0.896532663316583;0.918442211055276;0.956683417085427
0.468542713567839;0.726683417085427;0.820954773869347;0.863819095477387;0.891005025125628;0.925376884422111;0.947889447236181
0.482412060301508;0.738040201005025;0.832814070351759;0.869045226130653;0.894170854271357;0.932613065326633;0.955829145728643
0.484371859296482;0.742562814070352;0.830251256281407;0.871557788944724;0.895979899497487;0.927035175879397;0.957185929648241
0.457286432160804;0.732060301507538;0.834120603015075;0.858241206030151;0.895276381909548;0.926281407035176;0.955979899497487
0.484371859296482;0.748492462311558;0.832613065326633;0.867035175879397;0.889698492462312;0.923517587939699;0.955477386934673
0.484371859296482;0.750603015075377;0.81929648241206;0.867587939698492;0.887185929648241;0.934170854271357;0.955226130653266
0.48035175879397;0.749346733668342;0.831859296482412;0.865226130653266;0.898241206030151;0.926331658291457;0.959246231155779
0.50070351758794;0.750251256281407;0.835075376884422;0.877989949748744;0.890904522613065;0.926381909547739;0.95356783919598
0.465879396984925;0.736231155778894;0.811507537688442;0.861407035175879;0.890502512562814;0.928693467336683;0.951708542713568
0.49748743718593;0.745879396984925;0.833316582914573;0.862713567839196;0.896934673366834;0.932110552763819;0.955427135678392
0.475929648241206;0.750251256281407;0.826934673366834;0.876180904522613;0.897437185929648;0.923819095477387;0.95321608040201
0.492663316582915;0.738793969849246;0.830402010050251;0.8578391959799;0.897386934673367;0.91391959798995;0.955427135678392
0.501256281407035;0.723266331658291;0.818040201005025;0.869748743718593;0.895427135678392;0.922361809045226;0.956934673366834
0.47356783919598;0.748994974874372;0.823618090452261;0.87572864321608;0.894020100502513;0.925326633165829;0.952763819095477
0.471105527638191;0.732060301507538;0.821557788944724;0.869547738693467;0.894371859296482;0.927185929648241;0.950753768844221
0.457286432160804;0.717035175879397;0.832462311557789;0.868241206030151;0.885125628140704;0.927989949748744;0.952211055276382
0.49929648241206;0.740402010050251;0.827286432160804;0.873768844221106;0.885125628140704;0.922361809045226;0.954924623115578
0.484371859296482;0.750150753768844;0.817939698492462;0.865025125628141;0.893618090452261;0.92427135678392;0.956482412060301
0.468542713567839;0.752412060301508;0.828693467336683;0.868090452261307;0.899195979899498;0.92427135678392;0.955929648241206
0.457286432160804;0.742814070351759;0.825276381909548;0.867638190954774;0.898090452261307;0.929698492462312;0.958743718592965
0.475929648241206;0.734924623115578;0.821959798994975;0.873115577889447;0.892261306532663;0.931105527638191;0.958592964824121
0.468542713567839;0.751105527638191;0.823869346733668;0.864020100502513;0.896381909547739;0.924773869346734;0.950402010050251
0.500050251256281;0.73643216080402;0.821155778894472;0.866281407035176;0.895226130653266;0.925527638190955;0.954070351758794
0.50251256281407;0.736582914572864;0.827537688442211;0.868492462311558;0.896331658291457;0.926934673366834;0.952663316582915
0.494020100502513;0.74713567839196;0.83321608040201;0.867788944723618;0.897336683417085;0.92964824120603;0.954070351758794
0.478190954773869;0.740301507537688;0.833718592964824;0.867839195979899;0.89356783919598;0.926834170854271;0.953668341708543
0.463115577889447;0.732060301507538;0.805879396984925;0.863618090452261;0.887236180904523;0.926532663316583;0.953668341708543
0.475929648241206;0.746030150753769;0.82572864321608;0.867839195979899;0.896984924623116;0.929949748743719;0.953517587939699
0.494020100502513;0.748291457286432;0.809396984924623;0.867939698492462;0.894170854271357;0.930804020100503;0.958743718592965
0.468542713567839;0.737537688442211;0.830502512562814;0.87427135678392;0.880753768844221;0.922814070351759;0.957889447236181
0.444422110552764;0.732010050251256;0.823517587939699;0.871507537688442;0.891356783919598;0.925125628140704;0.951507537688442
0.502311557788945;0.742261306532663;0.81105527638191;0.860100502512563;0.895427135678392;0.924221105527638;0.955125628140704
0.49748743718593;0.742964824120603;0.826633165829146;0.866281407035176;0.893668341708543;0.930753768844221;0.954673366834171
0.482412060301508;0.740653266331658;0.82251256281407;0.869849246231156;0.893115577889447;0.933115577889447;0.950552763819095
0.500050251256281;0.743366834170854;0.817688442211055;0.87713567839196;0.895477386934673;0.928140703517588;0.955829145728643
0.49929648241206;0.738341708542714;0.829145728643216;0.870452261306533;0.897587939698492;0.924874371859296;0.955226130653266
0.48964824120603;0.745276381909548;0.809195979899498;0.853467336683417;0.885025125628141;0.927889447236181;0.953718592964824
0.468542713567839;0.746582914572864;0.818643216080402;0.869447236180904;0.89070351758794;0.924321608040201;0.955376884422111
0.494020100502513;0.752412060301508;0.83251256281407;0.872010050251256;0.889597989949749;0.921105527638191;0.956381909547739
0.498442211055276;0.72608040201005;0.829949748743719;0.872663316582915;0.881909547738693;0.925778894472362;0.953366834170854
0.48964824120603;0.738341708542714;0.828542713567839;0.865979899497487;0.888844221105528;0.918894472361809;0.956331658291457
0.48964824120603;0.746482412060302;0.824773869346734;0.868844221105528;0.896733668341709;0.922713567839196;0.95286432160804
0.50070351758794;0.737939698492462;0.82678391959799;0.869346733668342;0.885577889447236;0.933517587939699;0.945577889447236
0.48035175879397;0.730251256281407;0.815025125628141;0.867336683417085;0.890653266331658;0.931658291457286;0.948140703517588
0.487989949748744;0.745226130653266;0.82105527638191;0.866733668341709;0.899195979899498;0.931457286432161;0.956884422110553
0.47356783919598;0.739195979899497;0.816482412060301;0.855577889447236;0.885477386934673;0.933467336683417;0.948643216080402
0.49929648241206;0.744020100502513;0.817939698492462;0.86929648241206;0.895477386934673;0.929195979899498;0.955979899497487
0.49643216080402;0.750402010050251;0.824623115577889;0.866733668341709;0.885326633165829;0.924422110552764;0.949547738693467
0.45105527638191;0.751909547738693;0.828542713567839;0.867236180904523;0.89748743718593;0.930402010050251;0.954723618090452
0.447788944723618;0.721005025125628;0.824020100502513;0.866130653266332;0.892412060301508;0.928341708542714;0.957889447236181
0.45105527638191;0.74748743718593;0.828341708542714;0.867236180904523;0.892814070351759;0.925879396984925;0.952261306532663
0.447788944723618;0.739748743718593;0.830653266331658;0.865527638190955;0.890653266331658;0.928291457286432;0.957989949748744
0.502060301507538;0.735829145728643;0.832060301507538;0.875376884422111;0.899045226130653;0.924472361809045;0.953819095477387
0.491206030150754;0.75;0.826030150753769;0.865879396984925;0.897889447236181;0.918542713567839;0.960854271356784
0.463115577889447;0.736733668341709;0.824522613065327;0.871306532663317;0.895175879396985;0.929095477386935;0.958241206030151
0.486231155778894;0.750603015075377;0.823316582914573;0.860804020100503;0.888743718592965;0.929447236180905;0.957185929648241
0.492663316582915;0.725979899497487;0.834723618090452;0.875427135678392;0.873115577889447;0.932914572864322;0.954422110552764
0.475929648241206;0.748743718592965;0.817537688442211;0.87070351758794;0.89391959798995;0.93070351758794;0.953165829145729
0.487989949748744;0.732010050251256;0.836130653266332;0.855427135678392;0.89251256281407;0.921457286432161;0.958793969849246
0.494020100502513;0.745075376884422;0.822613065326633;0.867236180904523;0.893969849246231;0.930552763819095;0.951809045226131
0.48035175879397;0.737738693467337;0.828391959798995;0.85678391959799;0.896884422110553;0.931708542713568;0.956331658291457
0.447788944723618;0.738693467336683;0.816582914572864;0.870301507537688;0.893819095477387;0.924623115577889;0.956030150753769
0.486231155778894;0.753316582914573;0.832462311557789;0.866281407035176;0.896130653266332;0.927286432160804;0.954422110552764
0.494020100502513;0.740552763819096;0.829195979899497;0.865326633165829;0.890904522613065;0.928190954773869;0.954723618090452
0.433718592964824;0.743467336683417;0.822311557788945;0.859396984924623;0.89572864321608;0.932261306532663;0.956683417085427
0.482412060301508;0.728743718592965;0.831457286432161;0.873316582914573;0.897688442211055;0.92964824120603;0.950050251256281
0.468542713567839;0.747085427135678;0.826733668341709;0.855427135678392;0.89391959798995;0.9278391959799;0.95321608040201
0.454221105527638;0.751005025125628;0.826683417085427;0.864874371859297;0.894472361809045;0.930402010050251;0.951457286432161
0.49748743718593;0.743768844221106;0.826633165829146;0.873618090452261;0.891155778894472;0.925879396984925;0.954422110552764
0.49643216080402;0.723417085427136;0.816482412060301;0.861708542713568;0.886331658291457;0.927386934673367;0.959949748743719
0.460251256281407;0.750100502512563;0.818341708542714;0.872814070351759;0.894974874371859;0.924824120603015;0.955125628140704
0.475929648241206;0.745276381909548;0.828894472361809;0.871758793969849;0.90035175879397;0.92678391959799;0.954020100502513
0.486231155778894;0.731557788944724;0.832211055276382;0.870552763819096;0.899547738693467;0.926231155778894;0.959195979899497
0.440954773869347;0.728894472361809;0.826884422110553;0.862110552763819;0.895829145728643;0.914472361809045;0.955276381909548
0.492663316582915;0.72748743718593;0.808643216080402;0.870954773869347;0.889597989949749;0.925577889447236;0.95356783919598
0.48035175879397;0.74286432160804;0.815879396984925;0.868743718592965;0.898341708542714;0.922361809045226;0.954623115577889
0.50251256281407;0.736532663316583;0.826281407035176;0.871758793969849;0.897638190954774;0.933467336683417;0.953969849246231
0.45105527638191;0.736231155778894;0.830452261306533;0.871457286432161;0.894170854271357;0.927738693467337;0.955577889447236
0.484371859296482;0.724572864321608;0.826884422110553;0.871306532663317;0.898743718592965;0.92964824120603;0.953819095477387
0.465879396984925;0.736683417085427;0.830251256281407;0.870753768844221;0.89321608040201;0.925527638190955;0.957889447236181
0.457286432160804;0.745879396984925;0.829698492462312;0.865226130653266;0.894623115577889;0.931105527638191;0.954773869346734
0.49643216080402;0.724221105527638;0.816231155778894;0.868241206030151;0.892814070351759;0.927236180904523;0.958391959798995
0.49748743718593;0.746482412060302;0.830753768844221;0.863819095477387;0.888793969849246;0.919748743718593;0.9478391959799
0.500050251256281;0.751306532663317;0.83391959798995;0.867537688442211;0.895477386934673;0.933266331658291;0.953316582914573
0.463115577889447;0.744371859296482;0.817336683417085;0.878190954773869;0.898492462311558;0.926633165829146;0.949447236180905
0.501708542713568;0.735075376884422;0.826532663316583;0.864120603015075;0.894522613065327;0.924673366834171;0.953718592964824
0.491206030150754;0.737989949748744;0.827788944723618;0.864572864321608;0.892763819095477;0.909145728643216;0.95286432160804
0.475929648241206;0.710100502512563;0.828994974874372;0.863969849246231;0.88964824120603;0.930050251256281;0.958341708542714
0.48964824120603;0.750100502512563;0.829447236180905;0.870100502512563;0.893316582914573;0.925326633165829;0.951809045226131
0.475929648241206;0.753316582914573;0.8178391959799;0.872462311557789;0.891959798994975;0.932713567839196;0.956683417085427
0.454221105527638;0.752914572864322;0.82;0.871959798994975;0.901005025125628;0.931005025125628;0.953768844221106
0.494020100502513;0.731005025125628;0.831658291457286;0.868492462311558;0.893366834170854;0.925778894472362;0.952160804020101
0.49748743718593;0.735326633165829;0.820502512562814;0.868190954773869;0.887839195979899;0.927336683417085;0.951206030150754
0.491206030150754;0.751306532663317;0.822814070351759;0.87572864321608;0.900653266331658;0.928793969849246;0.958492462311558
0.502060301507538;0.739045226130653;0.830100502512563;0.856482412060302;0.891859296482412;0.92713567839196;0.954522613065327
0.478190954773869;0.730502512562814;0.814422110552764;0.856582914572864;0.894974874371859;0.924723618090452;0.954572864321608
0.492663316582915;0.741356783919598;0.828693467336683;0.874522613065327;0.883065326633166;0.922914572864322;0.953768844221106
0.487989949748744;0.748592964824121;0.815829145728643;0.867889447236181;0.890804020100503;0.926381909547739;0.952713567839196
0.465879396984925;0.741608040201005;0.823819095477387;0.86572864321608;0.894924623115578;0.928241206030151;0.952713567839196
0.48035175879397;0.738643216080402;0.830904522613065;0.872713567839196;0.887738693467337;0.928140703517588;0.95286432160804
0.492663316582915;0.749497487437186;0.834020100502513;0.874422110552764;0.888994974874372;0.927286432160804;0.954472361809045
0.465879396984925;0.737939698492462;0.807788944723618;0.873618090452261;0.894170854271357;0.93356783919598;0.954924623115578
0.49748743718593;0.753015075376884;0.815879396984925;0.853266331658291;0.897788944723618;0.929246231155779;0.954974874371859
0.468542713567839;0.728994974874372;0.820603015075377;0.862110552763819;0.88572864321608;0.925628140703518;0.951758793969849
0.478190954773869;0.730653266331658;0.820301507537688;0.866180904522613;0.897035175879397;0.9321608040201;0.958592964824121
0.500050251256281;0.744572864321608;0.834020100502513;0.873366834170854;0.895427135678392;0.923869346733668;0.953668341708543
0.482412060301508;0.683819095477387;0.834422110552764;0.869698492462312;0.896331658291457;0.924472361809045;0.947989949748744
0.49748743718593;0.739547738693467;0.833165829145729;0.873718592964824;0.894321608040201;0.932060301507538;0.956834170854271
0.487989949748744;0.75035175879397;0.814321608040201;0.867738693467337;0.9;0.924522613065327;0.958894472361809
0.498442211055276;0.745075376884422;0.833718592964824;0.874221105527638;0.896582914572864;0.925879396984925;0.958844221105528
0.478190954773869;0.739748743718593;0.823165829145729;0.867788944723618;0.88427135678392;0.929849246231156;0.952562814070352
0.48035175879397;0.742562814070352;0.804070351758794;0.849045226130653;0.88427135678392;0.92643216080402;0.954221105527638
0.48964824120603;0.725829145728643;0.82286432160804;0.871407035175879;0.891758793969849;0.930854271356784;0.955929648241206
0.460251256281407;0.741155778894472;0.820854271356784;0.860301507537688;0.890402010050251;0.929899497487437;0.959095477386935
0.50070351758794;0.745879396984925;0.823115577889447;0.862060301507538;0.890100502512563;0.924321608040201;0.951105527638191
0.500050251256281;0.738140703517588;0.830050251256281;0.863768844221106;0.900502512562814;0.930251256281407;0.953768844221106
0.494020100502513;0.728090452261307;0.831909547738694;0.874924623115578;0.896532663316583;0.930050251256281;0.954472361809045
0.457286432160804;0.743969849246231;0.832462311557789;0.85356783919598;0.889547738693467;0.925376884422111;0.958241206030151
0.484371859296482;0.745527638190955;0.817236180904523;0.865025125628141;0.894723618090452;0.923065326633166;0.948090452261307
0.454221105527638;0.729949748743719;0.811105527638191;0.865226130653266;0.895477386934673;0.928994974874372;0.958492462311558
0.491206030150754;0.749798994974874;0.826582914572864;0.868592964824121;0.886231155778894;0.926281407035176;0.958341708542714
0.444422110552764;0.742160804020101;0.826231155778895;0.858492462311558;0.894321608040201;0.931557788944724;0.957537688442211
0.502311557788945;0.739246231155779;0.825577889447236;0.865276381909548;0.893768844221105;0.925175879396985;0.95356783919598
0.478190954773869;0.725376884422111;0.820854271356784;0.870753768844221;0.893165829145729;0.916331658291457;0.94964824120603
0.447788944723618;0.718442211055276;0.822160804020101;0.867738693467337;0.891608040201005;0.926984924623116;0.953316582914573
0.494020100502513;0.735477386934673;0.824723618090452;0.865628140703518;0.898140703517588;0.935276381909548;0.954170854271357
0.49929648241206;0.744070351758794;0.821859296482412;0.866733668341709;0.887889447236181;0.931507537688442;0.949246231155779
0.478190954773869;0.727989949748744;0.831005025125628;0.875075376884422;0.89105527638191;0.930753768844221;0.95427135678392
0.468542713567839;0.75035175879397;0.830653266331658;0.857236180904523;0.896984924623116;0.932361809045226;0.94391959798995
0.447788944723618;0.741758793969849;0.834773869346734;0.856180904522613;0.876030150753769;0.927939698492462;0.956683417085427
0.465879396984925;0.753015075376884;0.833115577889447;0.867386934673367;0.878592964824121;0.932010050251256;0.954924623115578
0.498442211055276;0.751407035175879;0.779145728643216;0.868994974874372;0.898391959798995;0.928090452261306;0.953618090452261
0.494020100502513;0.727386934673367;0.835326633165829;0.858743718592965;0.888793969849246;0.924120603015075;0.958542713567839
0.444422110552764;0.739346733668342;0.824522613065327;0.865025125628141;0.887537688442211;0.928743718592965;0.95391959798995
0.492663316582915;0.751105527638191;0.82608040201005;0.873366834170854;0.887185929648241;0.929899497487437;0.955477386934673
0.491206030150754;0.751708542713568;0.813065326633166;0.861206030150754;0.900954773869347;0.928492462311558;0.951155778894472
0.500050251256281;0.732814070351759;0.830201005025126;0.875678391959799;0.892562814070352;0.92894472361809;0.952713567839196
0.465879396984925;0.741155778894472;0.822613065326633;0.875276381909548;0.898793969849246;0.933718592964824;0.95894472361809
0.486231155778894;0.75;0.822261306532663;0.872663316582915;0.898442211055276;0.918291457286432;0.954020100502513
0.444422110552764;0.72286432160804;0.824924623115578;0.860050251256281;0.889195979899498;0.930251256281407;0.951959798994975
0.444422110552764;0.727185929648241;0.823819095477387;0.873819095477387;0.901105527638191;0.920653266331658;0.954020100502513
0.49748743718593;0.711356783919598;0.832462311557789;0.876482412060302;0.887889447236181;0.93356783919598;0.953366834170854
0.486231155778894;0.741206030150754;0.814221105527638;0.865075376884422;0.894170854271357;0.927738693467337;0.947336683417085
0.471105527638191;0.736281407035176;0.827939698492462;0.87;0.897587939698492;0.92286432160804;0.956180904522613
0.486231155778894;0.739045226130653;0.831306532663317;0.869095477386935;0.896532663316583;0.929346733668342;0.954924623115578
0.498442211055276;0.725376884422111;0.822060301507538;0.875025125628141;0.896834170854271;0.928291457286432;0.95894472361809
0.457286432160804;0.742261306532663;0.829346733668342;0.853517587939698;0.893015075376884;0.927989949748744;0.951959798994975
0.463115577889447;0.722412060301508;0.820753768844221;0.861356783919598;0.894924623115578;0.930603015075377;0.956231155778895
0.47356783919598;0.71713567839196;0.823517587939699;0.861708542713568;0.887537688442211;0.929849246231156;0.953115577889447
0.478190954773869;0.735929648241206;0.831557788944724;0.86748743718593;0.890904522613065;0.925025125628141;0.959246231155779
0.502060301507538;0.718442211055276;0.829597989949749;0.873316582914573;0.889246231155779;0.93251256281407;0.955678391959799
0.494020100502513;0.746984924623116;0.830954773869347;0.867185929648241;0.897688442211055;0.930854271356784;0.951356783919598
0.494020100502513;0.733668341708543;0.833366834170854;0.861507537688442;0.892110552763819;0.929849246231156;0.951005025125628
0.471105527638191;0.738391959798995;0.835879396984925;0.867386934673367;0.896130653266332;0.930201005025126;0.957939698492462
0.468542713567839;0.737738693467337;0.810653266331658;0.868090452261307;0.900100502512563;0.925979899497487;0.958040201005025
0.487989949748744;0.750603015075377;0.831909547738694;0.868040201005025;0.893065326633166;0.925979899497487;0.953165829145729
0.492663316582915;0.73321608040201;0.824773869346734;0.874020100502513;0.89678391959799;0.922613065326633;0.952663316582915
0.495276381909548;0.743467336683417;0.828994974874372;0.871959798994975;0.894371859296482;0.930904522613065;0.952110552763819
0.487989949748744;0.74929648241206;0.832211055276382;0.862914572864322;0.897638190954774;0.924572864321608;0.953467336683417
0.48964824120603;0.745879396984925;0.831256281407035;0.868643216080402;0.893869346733668;0.929597989949749;0.950653266331658
0.45105527638191;0.740653266331658;0.83;0.860150753768844;0.886834170854271;0.931608040201005;0.956934673366834
0.486231155778894;0.733869346733668;0.821809045226131;0.861005025125628;0.894120603015075;0.92713567839196;0.952663316582915
0.478190954773869;0.710904522613065;0.831708542713568;0.858743718592965;0.895829145728643;0.921658291457286;0.951859296482412
0.471105527638191;0.740653266331658;0.829597989949749;0.870100502512563;0.894924623115578;0.931758793969849;0.955175879396985
0.457286432160804;0.747788944723618;0.834120603015075;0.869849246231156;0.901809045226131;0.927336683417085;0.951256281407035
0.482412060301508;0.748793969849246;0.834522613065327;0.872211055276382;0.895326633165829;0.927236180904523;0.951256281407035
0.501256281407035;0.729497487437186;0.832814070351759;0.867839195979899;0.898341708542714;0.926934673366834;0.952814070351759
0.502060301507538;0.727587939698492;0.818442211055276;0.864522613065327;0.897889447236181;0.931206030150754;0.954623115577889
0.471105527638191;0.728693467336683;0.809195979899498;0.868894472361809;0.890904522613065;0.92251256281407;0.959597989949749
0.49748743718593;0.710603015075377;0.821005025125628;0.867788944723618;0.881105527638191;0.928291457286432;0.950502512562814
0.444422110552764;0.750753768844221;0.825125628140704;0.872964824120603;0.899145728643216;0.920753768844221;0.95572864321608
0.501256281407035;0.731809045226131;0.831306532663317;0.864070351758794;0.891407035175879;0.923869346733668;0.954924623115578
0.48964824120603;0.729145728643216;0.821959798994975;0.866834170854271;0.898391959798995;0.924221105527638;0.950603015075377
0.494020100502513;0.743668341708543;0.825628140703518;0.872110552763819;0.897889447236181;0.926984924623116;0.954773869346734
0.475929648241206;0.739849246231156;0.821959798994975;0.870100502512563;0.898291457286432;0.930100502512563;0.953417085427136
0.465879396984925;0.728492462311558;0.827939698492462;0.868844221105528;0.891507537688442;0.930603015075377;0.957738693467337
0.500050251256281;0.744974874371859;0.816984924623116;0.875979899497487;0.897336683417085;0.928341708542714;0.957688442211055
0.486231155778894;0.735527638190955;0.829899497487437;0.865226130653266;0.8921608040201;0.928190954773869;0.950954773869347
0.482412060301508;0.745577889447236;0.815829145728643;0.864472361809045;0.896030150753769;0.920150753768844;0.951356783919598
0.433718592964824;0.742562814070352;0.823316582914573;0.873266331658291;0.896733668341709;0.929095477386935;0.956834170854271
0.47356783919598;0.748592964824121;0.827738693467337;0.868442211055276;0.898844221105528;0.923015075376884;0.952814070351759
0.471105527638191;0.735226130653266;0.824221105527638;0.872261306532663;0.89356783919598;0.930402010050251;0.9578391959799
0.495276381909548;0.722663316582915;0.824673366834171;0.872311557788945;0.895376884422111;0.922964824120603;0.949899497487437
0.487989949748744;0.750150753768844;0.829748743718593;0.863015075376884;0.897688442211055;0.930552763819095;0.955879396984925
0.447788944723618;0.733517587939698;0.810402010050251;0.862964824120603;0.891407035175879;0.927638190954774;0.953517587939699
0.498442211055276;0.736733668341709;0.824221105527638;0.856532663316583;0.897839195979899;0.926633165829146;0.953819095477387
0.463115577889447;0.735427135678392;0.819396984924623;0.86929648241206;0.889246231155779;0.926130653266332;0.954020100502513
0.465879396984925;0.746381909547739;0.811608040201005;0.862412060301508;0.895326633165829;0.922964824120603;0.945879396984925
0.491206030150754;0.728291457286432;0.809346733668342;0.867738693467337;0.900552763819095;0.931557788944724;0.952562814070352
0.495276381909548;0.712160804020101;0.82321608040201;0.867537688442211;0.895326633165829;0.927336683417085;0.952010050251256
0.460251256281407;0.735025125628141;0.830804020100502;0.860150753768844;0.898391959798995;0.928643216080402;0.960502512562814
0.49643216080402;0.749396984924623;0.826482412060301;0.868793969849246;0.894120603015075;0.932311557788945;0.950804020100502
